0.000977,595.477494
0.001953,595.484743
0.002930,595.492356
0.003906,595.500261
0.004883,595.508457
0.005859,595.516908
0.006836,595.525651
0.007813,595.534758
0.008789,595.544156
0.009766,595.553809
0.010742,595.563754
0.011719,595.574027
0.012695,595.584591
0.013672,595.595410
0.014648,595.606557
0.015625,595.618031
0.016602,595.629761
0.017578,595.641819
0.018555,595.654131
0.019531,595.666772
0.020508,595.679703
0.021484,595.692927
0.022461,595.706478
0.023438,595.720284
0.024414,595.734418
0.025391,595.748807
0.026367,595.763524
0.027344,595.778532
0.028320,595.793795
0.029297,595.809313
0.030273,595.824576
0.031250,595.839694
0.032227,595.854556
0.033203,595.869273
0.034180,595.883808
0.035156,595.898160
0.036133,595.912367
0.037109,595.926319
0.038086,595.940125
0.039063,595.953676
0.040039,595.967118
0.041016,595.980341
0.041992,595.993382
0.042969,596.006241
0.043945,596.018918
0.044922,596.031376
0.045898,596.043689
0.046875,596.055819
0.047852,596.067695
0.048828,596.079424
0.049805,596.091008
0.050781,596.102374
0.051758,596.113557
0.052734,596.124522
0.053711,596.135341
0.054688,596.145978
0.055664,596.156396
0.056641,596.166632
0.057617,596.176650
0.058594,596.186485
0.059570,596.196175
0.060547,596.205683
0.061523,596.214935
0.062500,596.224042
0.063477,596.232894
0.064453,596.241600
0.065430,596.250124
0.066406,596.258430
0.067383,596.266553
0.068359,596.274458
0.069336,596.282181
0.070313,596.289721
0.071289,596.297043
0.072266,596.304147
0.073242,596.311068
0.074219,596.317807
0.075195,596.324364
0.076172,596.330630
0.077148,596.336749
0.078125,596.342651
0.079102,596.348370
0.080078,596.353943
0.081055,596.359189
0.082031,596.364289
0.083008,596.369207
0.083984,596.373906
0.084961,596.378350
0.085938,596.382648
0.086914,596.386728
0.087891,596.390553
0.088867,596.394196
0.089844,596.397657
0.090820,596.400862
0.091797,596.403886
0.092773,596.406691
0.093750,596.409277
0.094727,596.411681
0.095703,596.413794
0.096680,596.415798
0.097656,596.417510
0.098633,596.419040
0.099609,596.420351
0.100586,596.421444
0.101563,596.422354
0.102539,596.423047
0.103516,596.423520
0.104492,596.423739
0.105469,596.423812
0.106445,596.423629
0.107422,596.423229
0.108398,596.422646
0.109375,596.421845
0.110352,596.420824
0.111328,596.419550
0.112305,596.418129
0.113281,596.416453
0.114258,596.414632
0.115234,596.412519
0.116211,596.410297
0.117188,596.407783
0.118164,596.405088
0.119141,596.402210
0.120117,596.399077
0.121094,596.395799
0.122070,596.392265
0.123047,596.388550
0.124024,596.384652
0.125000,596.380535
0.125977,596.376237
0.126953,596.371720
0.127930,596.367021
0.128906,596.362176
0.129883,596.357149
0.130859,596.352195
0.131836,596.347350
0.132813,596.342614
0.133789,596.337915
0.134766,596.333289
0.135742,596.328735
0.136719,596.324291
0.137695,596.319956
0.138672,596.315694
0.139649,596.311469
0.140625,596.307425
0.141602,596.303345
0.142578,596.299448
0.143555,596.295550
0.144531,596.291798
0.145508,596.288118
0.146484,596.284512
0.147461,596.281015
0.148438,596.277591
0.149414,596.274276
0.150391,596.271034
0.151367,596.267865
0.152344,596.264768
0.153320,596.261818
0.154297,596.258903
0.155274,596.256099
0.156250,596.253403
0.157227,596.250744
0.158203,596.248230
0.159180,596.245826
0.160156,596.243495
0.161133,596.241273
0.162109,596.239087
0.163086,596.237010
0.164063,596.235080
0.165039,596.233186
0.166016,596.231473
0.166992,596.229834
0.167969,596.228231
0.168945,596.226774
0.169922,596.225427
0.170899,596.224151
0.171875,596.223022
0.172852,596.221929
0.173828,596.221019
0.174805,596.220144
0.175781,596.219416
0.176758,596.218760
0.177734,596.218214
0.178711,596.217813
0.179688,596.217449
0.180664,596.217303
0.181641,596.217157
0.182617,596.217157
0.183594,596.217303
0.184570,596.217522
0.185547,596.217850
0.186524,596.218323
0.187500,596.218906
0.188477,596.219562
0.189453,596.220363
0.190430,596.221237
0.191406,596.222257
0.192383,596.223423
0.193359,596.224625
0.194336,596.225973
0.195313,596.227466
0.196289,596.229033
0.197266,596.230745
0.198242,596.232566
0.199219,596.234461
0.200195,596.236501
0.201172,596.238613
0.202149,596.240908
0.203125,596.243313
0.204102,596.245790
0.205078,596.248412
0.206055,596.251108
0.207031,596.253949
0.208008,596.256900
0.208984,596.259960
0.209961,596.263129
0.210938,596.266371
0.211914,596.269832
0.212891,596.273293
0.213867,596.276899
0.214844,596.280614
0.215820,596.284476
0.216797,596.288337
0.217774,596.292417
0.218750,596.296533
0.219727,596.300759
0.220703,596.305130
0.221680,596.309538
0.222656,596.314092
0.223633,596.318754
0.224609,596.323417
0.225586,596.328298
0.226563,596.333216
0.227539,596.338207
0.228516,596.343270
0.229492,596.348479
0.230469,596.353688
0.231445,596.358752
0.232422,596.363524
0.233399,596.368186
0.234375,596.372631
0.235352,596.376856
0.236328,596.380936
0.237305,596.384761
0.238281,596.388440
0.239258,596.391937
0.240234,596.395180
0.241211,596.398276
0.242188,596.401154
0.243164,596.403813
0.244141,596.406290
0.245117,596.408585
0.246094,596.410625
0.247070,596.412519
0.248047,596.414195
0.249024,596.415652
0.250000,596.416927
0.250977,596.417947
0.251953,596.418821
0.252930,596.419513
0.253906,596.419950
0.254883,596.420205
0.255860,596.420242
0.256836,596.420060
0.257813,596.419659
0.258789,596.419112
0.259766,596.418311
0.260742,596.417328
0.261719,596.416052
0.262695,596.414632
0.263672,596.413029
0.264649,596.411135
0.265625,596.409095
0.266602,596.406800
0.267578,596.404323
0.268555,596.401591
0.269531,596.398676
0.270508,596.395544
0.271485,596.392156
0.272461,596.388622
0.273438,596.384761
0.274414,596.380754
0.275391,596.376528
0.276367,596.372084
0.277344,596.367385
0.278320,596.362467
0.279297,596.357368
0.280274,596.351976
0.281250,596.346439
0.282227,596.340611
0.283203,596.334600
0.284180,596.328335
0.285156,596.321814
0.286133,596.315148
0.287110,596.308227
0.288086,596.301050
0.289063,596.293692
0.290039,596.286079
0.291016,596.278210
0.291992,596.270160
0.292969,596.261854
0.293945,596.253403
0.294922,596.244624
0.295899,596.235663
0.296875,596.226446
0.297852,596.217012
0.298828,596.207322
0.299805,596.197486
0.300781,596.187360
0.301758,596.177014
0.302735,596.166414
0.303711,596.155668
0.304688,596.144630
0.305664,596.133337
0.306641,596.121899
0.307617,596.110242
0.308594,596.098258
0.309570,596.086127
0.310547,596.073778
0.311524,596.061174
0.312500,596.048388
0.313477,596.035310
0.314453,596.022051
0.315430,596.008609
0.316406,595.994876
0.317383,595.980960
0.318360,595.966826
0.319336,595.952510
0.320313,595.937939
0.321289,595.923186
0.322266,595.908251
0.323242,595.893024
0.324219,595.877615
0.325195,595.861988
0.326172,595.846214
0.327149,595.830186
0.328125,595.814012
0.329102,595.797583
0.330078,595.780972
0.331055,595.764289
0.332031,595.747896
0.333008,595.731831
0.333985,595.716095
0.334961,595.700686
0.335938,595.685641
0.336914,595.670961
0.337891,595.656536
0.338867,595.642511
0.339844,595.628778
0.340820,595.615445
0.341797,595.602404
0.342774,595.589691
0.343750,595.577342
0.344727,595.565357
0.345703,595.553700
0.346680,595.542371
0.347656,595.531334
0.348633,595.520697
0.349610,595.510388
0.350586,595.500443
0.351563,595.490826
0.352539,595.481537
0.353516,595.472612
0.354492,595.464052
0.355469,595.455783
0.356445,595.447914
0.357422,595.440337
0.358399,595.433197
0.359375,595.426313
0.360352,595.419865
0.361328,595.413672
0.362305,595.407917
0.363281,595.402452
0.364258,595.397389
0.365235,595.392617
0.366211,595.388282
0.367188,595.384202
0.368164,595.380559
0.369141,595.377244
0.370117,595.374330
0.371094,595.371671
0.372071,595.369449
0.373047,595.367555
0.374024,595.366061
0.375000,595.364932
0.375977,595.364130
0.376953,595.363657
0.377930,595.363621
0.378906,595.363912
0.379883,595.364531
0.380860,595.365551
0.381836,595.366935
0.382813,595.368720
0.383789,595.370833
0.384766,595.373274
0.385742,595.376152
0.386719,595.379357
0.387696,595.382964
0.388672,595.386898
0.389649,595.391196
0.390625,595.395896
0.391602,595.400922
0.392578,595.406350
0.393555,595.412142
0.394531,595.418335
0.395508,595.424856
0.396485,595.431777
0.397461,595.439026
0.398438,595.446639
0.399414,595.454653
0.400391,595.463068
0.401367,595.471811
0.402344,595.480918
0.403321,595.490425
0.404297,595.500261
0.405274,595.510497
0.406250,595.521097
0.407227,595.532062
0.408203,595.543391
0.409180,595.555084
0.410156,595.567142
0.411133,595.579564
0.412110,595.592386
0.413086,595.605537
0.414063,595.619051
0.415039,595.632967
0.416016,595.647137
0.416992,595.661781
0.417969,595.676716
0.418946,595.692053
0.419922,595.707753
0.420899,595.723744
0.421875,595.740173
0.422852,595.756894
0.423828,595.774015
0.424805,595.791464
0.425781,595.809240
0.426758,595.827381
0.427735,595.845887
0.428711,595.864683
0.429688,595.883881
0.430664,595.903369
0.431641,595.923186
0.432617,595.942675
0.433594,595.961799
0.434571,595.980560
0.435547,595.998883
0.436524,596.016914
0.437500,596.034473
0.438477,596.051703
0.439453,596.068496
0.440430,596.084998
0.441406,596.101062
0.442383,596.116763
0.443360,596.132026
0.444336,596.146961
0.445313,596.161496
0.446289,596.175703
0.447266,596.189472
0.448242,596.202878
0.449219,596.215846
0.450196,596.228486
0.451172,596.240762
0.452149,596.252638
0.453125,596.264076
0.454102,596.275187
0.455078,596.285933
0.456055,596.296242
0.457031,596.306223
0.458008,596.315767
0.458985,596.324983
0.459961,596.333799
0.460938,596.342214
0.461914,596.350228
0.462891,596.357877
0.463867,596.365127
0.464844,596.372011
0.465821,596.378459
0.466797,596.384615
0.467774,596.390335
0.468750,596.395653
0.469727,596.400607
0.470703,596.405197
0.471680,596.409386
0.472656,596.413138
0.473633,596.416526
0.474610,596.419550
0.475586,596.422209
0.476563,596.424431
0.477539,596.426325
0.478516,596.427746
0.479492,596.428839
0.480469,596.429531
0.481446,596.429786
0.482422,596.429749
0.483399,596.429276
0.484375,596.428438
0.485352,596.427163
0.486328,596.425524
0.487305,596.423447
0.488281,596.421043
0.489258,596.418238
0.490235,596.415033
0.491211,596.411426
0.492188,596.407492
0.493164,596.403084
0.494141,596.398349
0.495117,596.393176
0.496094,596.387639
0.497071,596.381738
0.498047,596.375399
0.499024,596.368697
0.500000,596.361593
0.500977,596.354089
0.501953,596.346221
0.502930,596.337952
0.503907,596.329282
0.504883,596.320211
0.505860,596.310776
0.506836,596.300941
0.507813,596.290741
0.508789,596.280104
0.509766,596.269140
0.510742,596.257738
0.511719,596.245972
0.512696,596.233768
0.513672,596.221237
0.514649,596.208233
0.515625,596.194900
0.516602,596.181167
0.517578,596.167106
0.518555,596.152571
0.519532,596.137709
0.520508,596.122409
0.521485,596.106745
0.522461,596.090717
0.523438,596.074252
0.524414,596.057422
0.525391,596.040228
0.526367,596.022634
0.527344,596.004638
0.528321,595.986279
0.529297,595.967591
0.530274,595.948394
0.531250,595.928905
0.532227,595.909089
0.533203,595.889454
0.534180,595.870257
0.535157,595.851314
0.536133,595.832809
0.537110,595.814632
0.538086,595.796818
0.539063,595.779370
0.540039,595.762285
0.541016,595.745565
0.541992,595.729209
0.542969,595.713181
0.543946,595.697480
0.544922,595.682217
0.545899,595.667282
0.546875,595.652674
0.547852,595.638504
0.548828,595.624661
0.549805,595.611147
0.550782,595.598033
0.551758,595.585247
0.552735,595.572861
0.553711,595.560804
0.554688,595.549074
0.555664,595.537745
0.556641,595.526744
0.557617,595.516180
0.558594,595.505871
0.559571,595.495962
0.560547,595.486418
0.561524,595.477202
0.562500,595.468314
0.563477,595.459862
0.564453,595.451739
0.565430,595.443944
0.566407,595.436512
0.567383,595.429409
0.568360,595.422706
0.569336,595.416331
0.570313,595.410321
0.571289,595.404638
0.572266,595.399320
0.573242,595.394329
0.574219,595.389703
0.575196,595.385404
0.576172,595.381470
0.577149,595.377937
0.578125,595.374658
0.579102,595.371780
0.580078,595.369230
0.581055,595.367045
0.582032,595.365151
0.583008,595.363657
0.583985,595.362455
0.584961,595.361653
0.585938,595.361144
0.586914,595.361034
0.587891,595.361216
0.588867,595.361799
0.589844,595.362637
0.590821,595.363912
0.591797,595.365442
0.592774,595.367336
0.593750,595.369558
0.594727,595.372145
0.595703,595.375059
0.596680,595.378337
0.597657,595.381907
0.598633,595.385878
0.599610,595.390176
0.600586,595.394730
0.601563,595.399720
0.602539,595.405002
0.603516,595.410576
0.604492,595.416550
0.605469,595.422888
0.606446,595.429482
0.607422,595.436440
0.608399,595.443798
0.609375,595.451448
0.610352,595.459389
0.611328,595.467767
0.612305,595.476401
0.613282,595.485435
0.614258,595.494760
0.615235,595.504450
0.616211,595.514431
0.617188,595.524849
0.618164,595.535559
0.619141,595.546597
0.620118,595.557999
0.621094,595.569728
0.622071,595.581786
0.623047,595.594208
0.624024,595.606957
0.625000,595.620144
0.625977,595.633586
0.626953,595.647356
0.627930,595.661562
0.628907,595.676097
0.629883,595.690923
0.630860,595.706150
0.631836,595.721741
0.632813,595.737660
0.633789,595.753579
0.634766,595.769316
0.635743,595.784870
0.636719,595.800279
0.637696,595.815469
0.638672,595.830550
0.639649,595.845413
0.640625,595.860130
0.641602,595.874664
0.642578,595.889017
0.643555,595.903151
0.644532,595.917175
0.645508,595.931018
0.646485,595.944642
0.647461,595.958120
0.648438,595.971416
0.649414,595.984567
0.650391,595.997499
0.651368,596.010248
0.652344,596.022852
0.653321,596.035310
0.654297,596.047587
0.655274,596.059644
0.656250,596.071556
0.657227,596.083286
0.658203,596.094833
0.659180,596.106235
0.660157,596.117382
0.661133,596.128420
0.662110,596.139311
0.663086,596.149985
0.664063,596.160512
0.665039,596.170894
0.666016,596.181130
0.666993,596.191148
0.667969,596.200984
0.668946,596.210710
0.669922,596.220217
0.670899,596.229579
0.671875,596.238795
0.672852,596.247829
0.673828,596.256718
0.674805,596.265424
0.675782,596.273985
0.676758,596.282363
0.677735,596.290596
0.678711,596.298646
0.679688,596.306624
0.680664,596.314383
0.681641,596.321996
0.682618,596.329427
0.683594,596.336749
0.684571,596.343926
0.685547,596.350883
0.686524,596.357768
0.687500,596.364471
0.688477,596.370991
0.689453,596.377403
0.690430,596.383632
0.691407,596.389752
0.692383,596.395689
0.693360,596.401554
0.694336,596.407201
0.695313,596.412701
0.696289,596.418056
0.697266,596.423265
0.698243,596.428365
0.699219,596.433283
0.700196,596.438091
0.701172,596.442790
0.702149,596.447307
0.703125,596.451679
0.704102,596.455904
0.705078,596.459948
0.706055,596.463918
0.707032,596.467743
0.708008,596.471386
0.708985,596.474883
0.709961,596.478271
0.710938,596.481513
0.711914,596.484609
0.712891,596.487524
0.713868,596.490329
0.714844,596.493024
0.715821,596.495538
0.716797,596.497906
0.717774,596.500128
0.718750,596.502240
0.719727,596.504135
0.720703,596.505956
0.721680,596.507559
0.722657,596.509052
0.723633,596.510437
0.724610,596.511639
0.725586,596.512659
0.726563,596.513533
0.727539,596.514261
0.728516,596.514772
0.729493,596.515172
0.730469,596.515464
0.731446,596.515537
0.732422,596.515464
0.733399,596.515172
0.734375,596.514772
0.735352,596.514261
0.736329,596.513569
0.737305,596.512768
0.738282,596.511857
0.739258,596.510837
0.740235,596.509635
0.741211,596.508324
0.742188,596.506830
0.743164,596.505264
0.744141,596.503552
0.745118,596.501730
0.746094,596.499727
0.747071,596.497650
0.748047,596.495428
0.749024,596.493097
0.750000,596.490583
0.750977,596.487924
0.751954,596.485265
0.752930,596.482315
0.753907,596.479364
0.754883,596.476195
0.755860,596.472953
0.756836,596.469565
0.757813,596.466031
0.758789,596.462352
0.759766,596.458600
0.760743,596.454702
0.761719,596.450622
0.762696,596.446470
0.763672,596.442098
0.764649,596.437654
0.765625,596.433064
0.766602,596.428329
0.767579,596.423447
0.768555,596.418420
0.769532,596.413320
0.770508,596.408002
0.771485,596.402574
0.772461,596.397001
0.773438,596.391282
0.774414,596.385453
0.775391,596.379443
0.776368,596.373286
0.777344,596.366984
0.778321,596.360573
0.779297,596.353943
0.780274,596.347241
0.781250,596.340319
0.782227,596.333289
0.783204,596.326113
0.784180,596.318754
0.785157,596.311250
0.786133,596.303637
0.787110,596.295805
0.788086,596.287827
0.789063,596.279704
0.790039,596.271471
0.791016,596.263020
0.791993,596.254423
0.792969,596.245680
0.793946,596.236792
0.794922,596.227685
0.795899,596.218505
0.796875,596.209107
0.797852,596.199563
0.798829,596.189837
0.799805,596.179928
0.800782,596.169911
0.801758,596.159711
0.802735,596.149293
0.803711,596.138765
0.804688,596.128092
0.805664,596.117273
0.806641,596.106235
0.807618,596.095015
0.808594,596.083686
0.809571,596.072102
0.810547,596.060446
0.811524,596.048607
0.812500,596.036585
0.813477,596.024455
0.814454,596.012106
0.815430,595.999575
0.816407,595.986934
0.817383,595.974112
0.818360,595.961107
0.819336,595.947957
0.820313,595.934661
0.821289,595.921219
0.822266,595.907595
0.823243,595.893825
0.824219,595.879874
0.825196,595.865776
0.826172,595.851606
0.827149,595.837180
0.828125,595.822646
0.829102,595.808002
0.830079,595.793103
0.831055,595.778167
0.832032,595.763086
0.833008,595.747787
0.833985,595.732414
0.834961,595.717188
0.835938,595.702289
0.836914,595.687754
0.837891,595.673511
0.838868,595.659632
0.839844,595.646044
0.840821,595.632785
0.841797,595.619889
0.842774,595.607322
0.843750,595.595009
0.844727,595.583097
0.845704,595.571513
0.846680,595.560221
0.847657,595.549220
0.848633,595.538656
0.849610,595.528346
0.850586,595.518329
0.851563,595.508675
0.852539,595.499350
0.853516,595.490352
0.854493,595.481719
0.855469,595.473377
0.856446,595.465290
0.857422,595.457640
0.858399,595.450246
0.859375,595.443215
0.860352,595.436440
0.861329,595.430065
0.862305,595.423981
0.863282,595.418262
0.864258,595.412834
0.865235,595.407734
0.866211,595.402999
0.867188,595.398518
0.868165,595.394402
0.869141,595.390613
0.870118,595.387116
0.871094,595.384057
0.872071,595.381179
0.873047,595.378738
0.874024,595.376589
0.875000,595.374767
0.875977,595.373274
0.876954,595.372072
0.877930,595.371270
0.878907,595.370760
0.879883,595.370578
0.880860,595.370760
0.881836,595.371234
0.882813,595.372072
0.883790,595.373237
0.884766,595.374731
0.885743,595.376552
0.886719,595.378665
0.887696,595.381179
0.888672,595.383984
0.889649,595.387116
0.890625,595.390613
0.891602,595.394402
0.892579,595.398591
0.893555,595.403035
0.894532,595.407917
0.895508,595.413053
0.896485,595.418554
0.897461,595.424382
0.898438,595.430502
0.899415,595.437022
0.900391,595.443907
0.901368,595.451047
0.902344,595.458551
0.903321,595.466456
0.904297,595.474616
0.905274,595.483140
0.906250,595.492028
0.907227,595.501244
0.908204,595.510715
0.909180,595.520624
0.910157,595.530860
0.911133,595.541388
0.912110,595.552316
0.913086,595.563536
0.914063,595.575083
0.915040,595.586995
0.916016,595.599308
0.916993,595.611912
0.917969,595.624770
0.918946,595.638030
0.919922,595.651654
0.920899,595.665606
0.921875,595.679886
0.922852,595.694530
0.923829,595.709465
0.924805,595.724801
0.925782,595.740428
0.926758,595.756384
0.927735,595.772667
0.928711,595.789278
0.929688,595.806290
0.930665,595.823593
0.931641,595.841224
0.932618,595.859183
0.933594,595.877506
0.934571,595.896157
0.935547,595.914808
0.936524,595.933131
0.937500,595.951053
0.938477,595.968648
0.939454,595.985878
0.940430,596.002817
0.941407,596.019355
0.942383,596.035565
0.943360,596.051448
0.944336,596.066966
0.945313,596.082120
0.946290,596.096946
0.947266,596.111444
0.948243,596.125578
0.949219,596.139311
0.950196,596.152753
0.951172,596.165831
0.952149,596.178617
0.953125,596.191039
0.954102,596.203023
0.955079,596.214753
0.956055,596.226155
0.957032,596.237193
0.958008,596.247829
0.958985,596.258211
0.959961,596.268229
0.960938,596.277882
0.961915,596.287208
0.962891,596.296206
0.963868,596.304839
0.964844,596.313181
0.965821,596.321158
0.966797,596.328735
0.967774,596.336094
0.968750,596.343052
0.969727,596.349645
0.970704,596.355947
0.971680,596.361957
0.972657,596.367531
0.973633,596.372813
0.974610,596.377804
0.975586,596.382357
0.976563,596.386655
0.977540,596.390662
0.978516,596.394269
0.979493,596.397547
0.980469,596.400498
0.981446,596.403121
0.982422,596.405416
0.983399,596.407419
0.984376,596.409022
0.985352,596.410333
0.986329,596.411317
0.987305,596.412009
0.988282,596.412337
0.989258,596.412337
0.990235,596.412009
0.991211,596.411317
0.992188,596.410333
0.993165,596.409022
0.994141,596.407383
0.995118,596.405416
0.996094,596.403121
0.997071,596.400498
0.998047,596.397584
0.999024,596.394342
1.000001,596.390735
1.000977,596.386765
1.001954,596.382539
1.002930,596.377949
1.003907,596.373031
1.004883,596.367822
1.005860,596.362285
1.006836,596.356384
1.007813,596.350155
1.008790,596.343634
1.009766,596.336749
1.010743,596.329537
1.011719,596.322069
1.012696,596.314201
1.013672,596.306041
1.014649,596.297517
1.015626,596.288701
1.016602,596.279558
1.017579,596.270050
1.018555,596.260215
1.019532,596.250015
1.020508,596.239560
1.021485,596.228741
1.022461,596.217558
1.023438,596.206083
1.024415,596.194244
1.025391,596.182041
1.026368,596.169546
1.027344,596.156687
1.028321,596.143537
1.029297,596.130022
1.030274,596.116107
1.031251,596.101937
1.032227,596.087402
1.033204,596.072503
1.034180,596.057240
1.035157,596.041685
1.036133,596.025949
1.037110,596.010430
1.038086,595.995058
1.039063,595.979831
1.040040,595.964786
1.041016,595.949960
1.041993,595.935244
1.042969,595.920709
1.043946,595.906393
1.044922,595.892223
1.045899,595.878198
1.046876,595.864392
1.047852,595.850731
1.048829,595.837217
1.049805,595.823884
1.050782,595.810807
1.051758,595.797802
1.052735,595.784979
1.053711,595.772412
1.054688,595.759917
1.055665,595.747605
1.056641,595.735474
1.057618,595.723526
1.058594,595.711760
1.059571,595.700139
1.060547,595.688701
1.061524,595.677408
1.062501,595.666262
1.063477,595.655333
1.064454,595.644551
1.065430,595.633914
1.066407,595.623459
1.067383,595.613150
1.068360,595.603023
1.069336,595.593079
1.070313,595.583243
1.071290,595.573626
1.072266,595.564118
1.073243,595.554793
1.074219,595.545577
1.075196,595.536579
1.076172,595.527727
1.077149,595.519021
1.078126,595.510424
1.079102,595.502082
1.080079,595.493850
1.081055,595.485726
1.082032,595.477821
1.083008,595.470062
1.083985,595.462376
1.084961,595.454872
1.085938,595.447550
1.086915,595.440410
1.087891,595.433380
1.088868,595.426458
1.089844,595.419683
1.090821,595.413126
1.091797,595.406642
1.092774,595.400340
1.093751,595.394220
1.094727,595.388173
1.095704,595.382308
1.096680,595.376589
1.097657,595.370979
1.098633,595.365551
1.099610,595.360233
1.100587,595.355096
1.101563,595.350069
1.102540,595.345188
1.103516,595.340452
1.104493,595.335863
1.105469,595.331382
1.106446,595.327120
1.107422,595.322931
1.108399,595.318924
1.109376,595.315026
1.110352,595.311274
1.111329,595.307668
1.112305,595.304207
1.113282,595.300856
1.114258,595.297686
1.115235,595.294663
1.116212,595.291749
1.117188,595.289017
1.118165,595.286357
1.119141,595.283917
1.120118,595.281622
1.121094,595.279436
1.122071,595.277396
1.123047,595.275538
1.124024,595.273790
1.125001,595.272223
1.125977,595.270803
1.126954,595.269528
1.127930,595.268399
1.128907,595.267415
1.129883,595.266614
1.130860,595.265921
1.131837,595.265484
1.132813,595.265120
1.133790,595.264974
1.134766,595.264974
1.135743,595.265120
1.136719,595.265484
1.137696,595.265921
1.138672,595.266504
1.139649,595.267269
1.140626,595.268107
1.141602,595.269127
1.142579,595.270293
1.143555,595.271531
1.144532,595.272988
1.145508,595.274518
1.146485,595.276230
1.147462,595.278016
1.148438,595.280019
1.149415,595.282059
1.150391,595.284318
1.151368,595.286649
1.152344,595.289126
1.153321,595.291749
1.154297,595.294481
1.155274,595.297359
1.156251,595.300382
1.157227,595.303515
1.158204,595.306793
1.159180,595.310218
1.160157,595.313787
1.161133,595.317430
1.162110,595.321255
1.163087,595.325226
1.164063,595.329269
1.165040,595.333458
1.166016,595.337793
1.166993,595.342274
1.167969,595.346900
1.168946,595.351599
1.169922,595.356444
1.170899,595.361508
1.171876,595.366644
1.172852,595.371926
1.173829,595.377281
1.174805,595.382854
1.175782,595.388501
1.176758,595.394329
1.177735,595.400303
1.178712,595.406350
1.179688,595.412579
1.180665,595.418954
1.181641,595.425402
1.182618,595.432068
1.183594,595.438844
1.184571,595.445728
1.185547,595.452759
1.186524,595.459972
1.187501,595.467294
1.188477,595.474725
1.189454,595.482338
1.190430,595.490061
1.191407,595.497966
1.192383,595.505980
1.193360,595.514176
1.194337,595.522445
1.195313,595.530860
1.196290,595.539457
1.197266,595.548200
1.198243,595.557088
1.199219,595.566122
1.200196,595.575265
1.201172,595.584554
1.202149,595.593989
1.203126,595.603606
1.204102,595.613332
1.205079,595.623168
1.206055,595.633185
1.207032,595.643349
1.208008,595.653658
1.208985,595.664149
1.209962,595.674713
1.210938,595.685496
1.211915,595.696351
1.212891,595.707388
1.213868,595.718535
1.214844,595.729901
1.215821,595.741376
1.216797,595.752996
1.217774,595.764798
1.218751,595.776674
1.219727,595.788695
1.220704,595.800935
1.221680,595.813247
1.222657,595.825778
1.223633,595.838382
1.224610,595.851205
1.225587,595.864137
1.226563,595.877178
1.227540,595.890401
1.228516,595.903770
1.229493,595.917285
1.230469,595.930909
1.231446,595.944678
1.232423,595.958594
1.233399,595.972655
1.234376,595.986934
1.235352,596.001287
1.236329,596.015749
1.237305,596.030283
1.238282,596.044600
1.239258,596.058624
1.240235,596.072285
1.241212,596.085690
1.242188,596.098768
1.243165,596.111590
1.244141,596.124085
1.245118,596.136324
1.246094,596.148236
1.247071,596.159820
1.248048,596.171149
1.249024,596.182150
1.250001,596.192897
1.250977,596.203315
1.251954,596.213515
1.252930,596.223350
1.253907,596.232894
1.254883,596.242183
1.255860,596.251144
1.256837,596.259814
1.257813,596.268229
1.258790,596.276352
1.259766,596.284111
1.260743,596.291688
1.261719,596.298865
1.262696,596.305859
1.263673,596.312489
1.264649,596.318864
1.265626,596.324983
1.266602,596.330739
1.267579,596.336240
1.268555,596.341521
1.269532,596.346439
1.270508,596.351066
1.271485,596.355473
1.272462,596.359553
1.273438,596.363378
1.274415,596.366912
1.275391,596.370117
1.276368,596.373104
1.277344,596.375800
1.278321,596.378204
1.279298,596.380317
1.280274,596.382138
1.281251,596.383668
1.282227,596.385016
1.283204,596.385963
1.284180,596.386728
1.285157,596.387165
1.286133,596.387348
1.287110,596.387238
1.288087,596.386837
1.289063,596.386218
1.290040,596.385235
1.291016,596.384033
1.291993,596.382539
1.292969,596.380754
1.293946,596.378714
1.294923,596.376419
1.295899,596.373796
1.296876,596.370919
1.297852,596.367786
1.298829,596.364325
1.299805,596.360682
1.300782,596.356748
1.301758,596.352450
1.302735,596.347933
1.303712,596.343161
1.304688,596.338061
1.305665,596.332706
1.306641,596.327096
1.307618,596.321195
1.308594,596.315002
1.309571,596.308627
1.310548,596.301852
1.311524,596.294894
1.312501,596.287536
1.313477,596.279995
1.314454,596.272236
1.315430,596.264076
1.316407,596.255698
1.317383,596.247028
1.318360,596.238067
1.319337,596.228851
1.320313,596.219343
1.321290,596.209544
1.322266,596.199490
1.323243,596.189144
1.324219,596.178508
1.325196,596.167579
1.326173,596.156360
1.327149,596.144848
1.328126,596.133046
1.329102,596.120988
1.330079,596.108639
1.331055,596.095963
1.332032,596.083031
1.333008,596.069844
1.333985,596.056329
1.334962,596.042487
1.335938,596.028353
1.336915,596.014000
1.337891,595.999320
1.338868,595.984785
1.339844,595.970433
1.340821,595.956262
1.341798,595.942165
1.342774,595.928322
1.343751,595.914589
1.344727,595.901038
1.345704,595.887633
1.346680,595.874373
1.347657,595.861259
1.348634,595.848327
1.349610,595.835577
1.350587,595.822973
1.351563,595.810515
1.352540,595.798203
1.353516,595.786072
1.354493,595.774124
1.355469,595.762285
1.356446,595.750592
1.357423,595.739081
1.358399,595.727715
1.359376,595.716495
1.360352,595.705458
1.361329,595.694530
1.362305,595.683747
1.363282,595.673183
1.364259,595.662692
1.365235,595.652419
1.366212,595.642219
1.367188,595.632202
1.368165,595.622366
1.369141,595.612640
1.370118,595.603096
1.371094,595.593625
1.372071,595.584372
1.373048,595.575229
1.374024,595.566231
1.375001,595.557416
1.375977,595.548673
1.376954,595.540149
1.377930,595.531661
1.378907,595.523429
1.379884,595.515233
1.380860,595.507255
1.381837,595.499387
1.382813,595.491664
1.383790,595.484050
1.384766,595.476619
1.385743,595.469297
1.386719,595.462084
1.387696,595.455054
1.388673,595.448133
1.389649,595.441394
1.390626,595.434691
1.391602,595.428207
1.392579,595.421796
1.393555,595.415566
1.394532,595.409447
1.395509,595.403436
1.396485,595.397608
1.397462,595.391888
1.398438,595.386279
1.399415,595.380851
1.400391,595.375532
1.401368,595.370323
1.402344,595.365223
1.403321,595.360306
1.404298,595.355497
1.405274,595.350798
1.406251,595.346208
1.407227,595.341800
1.408204,595.337538
1.409180,595.333349
1.410157,595.329342
1.411134,595.325408
1.412110,595.321619
1.413087,595.318013
1.414063,595.314516
1.415040,595.311128
1.416016,595.307886
1.416993,595.304717
1.417969,595.301766
1.418946,595.298961
1.419923,595.296193
1.420899,595.293643
1.421876,595.291239
1.422852,595.288944
1.423829,595.286758
1.424805,595.284755
1.425782,595.282860
1.426759,595.281112
1.427735,595.279509
1.428712,595.278052
1.429688,595.276740
1.430665,595.275611
1.431641,595.274591
1.432618,595.273717
1.433594,595.272988
1.434571,595.272406
1.435548,595.272005
1.436524,595.271786
1.437501,595.271677
1.438477,595.271714
1.439454,595.271932
1.440430,595.272296
1.441407,595.272733
1.442384,595.273389
1.443360,595.274118
1.444337,595.274992
1.445313,595.276012
1.446290,595.277214
1.447266,595.278453
1.448243,595.279910
1.449219,595.281513
1.450196,595.283225
1.451173,595.285046
1.452149,595.287050
1.453126,595.289162
1.454102,595.291385
1.455079,595.293789
1.456055,595.296339
1.457032,595.298998
1.458009,595.301766
1.458985,595.304717
1.459962,595.307777
1.460938,595.311019
1.461915,595.314334
1.462891,595.317831
1.463868,595.321437
1.464844,595.325226
1.465821,595.329124
1.466798,595.333167
1.467774,595.337283
1.468751,595.341655
1.469727,595.346099
1.470704,595.350689
1.471680,595.355388
1.472657,595.360233
1.473634,595.365260
1.474610,595.370360
1.475587,595.375678
1.476563,595.381069
1.477540,595.386679
1.478516,595.392325
1.479493,595.398190
1.480470,595.404201
1.481446,595.410321
1.482423,595.416550
1.483399,595.422961
1.484376,595.429482
1.485352,595.436184
1.486329,595.443033
1.487305,595.449954
1.488282,595.457130
1.489259,595.464307
1.490235,595.471774
1.491212,595.479242
1.492188,595.486965
1.493165,595.494760
1.494141,595.502774
1.495118,595.510825
1.496095,595.519130
1.497071,595.527509
1.498048,595.536069
1.499024,595.544702
1.500001,595.553591
1.500977,595.562552
1.501954,595.571659
1.502930,595.580948
1.503907,595.590310
1.504884,595.599890
1.505860,595.609617
1.506837,595.619452
1.507813,595.629470
1.508790,595.639597
1.509766,595.649833
1.510743,595.660251
1.511720,595.670815
1.512696,595.681598
1.513673,595.692417
1.514649,595.703454
1.515626,595.714601
1.516602,595.725894
1.517579,595.737332
1.518555,595.748880
1.519532,595.760682
1.520509,595.772521
1.521485,595.784542
1.522462,595.796709
1.523438,595.809022
1.524415,595.821480
1.525391,595.834084
1.526368,595.846797
1.527345,595.859729
1.528321,595.872697
1.529298,595.885921
1.530274,595.899180
1.531251,595.912659
1.532227,595.926246
1.533204,595.939979
1.534180,595.953895
1.535157,595.967919
1.536134,595.982053
1.537110,595.996369
1.538087,596.010831
1.539063,596.025366
1.540040,596.039791
1.541016,596.053925
1.541993,596.067695
1.542970,596.081209
1.543946,596.094505
1.544923,596.107437
1.545899,596.120078
1.546876,596.132427
1.547852,596.144484
1.548829,596.156250
1.549805,596.167725
1.550782,596.178908
1.551759,596.189837
1.552735,596.200401
1.553712,596.210746
1.554688,596.220764
1.555665,596.230490
1.556641,596.239998
1.557618,596.249141
1.558595,596.258029
1.559571,596.266626
1.560548,596.274895
1.561524,596.282909
1.562501,596.290632
1.563477,596.298100
1.564454,596.305239
1.565430,596.312052
1.566407,596.318608
1.567384,596.324910
1.568360,596.330921
1.569337,596.336604
1.570313,596.342031
1.571290,596.347168
1.572266,596.351976
1.573243,596.356566
1.574220,596.360792
1.575196,596.364799
1.576173,596.368478
1.577149,596.371829
1.578126,596.374998
1.579102,596.377804
1.580079,596.380317
1.581055,596.382539
1.582032,596.384470
1.583009,596.386145
1.583985,596.387530
1.584962,596.388622
1.585938,596.389387
1.586915,596.389934
1.587891,596.390080
1.588868,596.390043
1.589845,596.389642
1.590821,596.389023
1.591798,596.388040
1.592774,596.386765
1.593751,596.385235
1.594727,596.383413
1.595704,596.381264
1.596681,596.378860
1.597657,596.376128
1.598634,596.373141
1.599610,596.369826
1.600587,596.366292
1.601563,596.362395
1.602540,596.358205
1.603516,596.353761
1.604493,596.348953
1.605470,596.343926
1.606446,596.338534
1.607423,596.332888
1.608399,596.326987
1.609376,596.320758
1.610352,596.314164
1.611329,596.307352
1.612306,596.300213
1.613282,596.292818
1.614259,596.285095
1.615235,596.277081
1.616212,596.268739
1.617188,596.260142
1.618165,596.251217
1.619141,596.242074
1.620118,596.232566
1.621095,596.222731
1.622071,596.212640
1.623048,596.202222
1.624024,596.191585
1.625001,596.180620
1.625977,596.169328
1.626954,596.157707
1.627931,596.145868
1.628907,596.133702
1.629884,596.121207
1.630860,596.108457
1.631837,596.095416
1.632813,596.082011
1.633790,596.068387
1.634766,596.054435
1.635743,596.040192
1.636720,596.025584
1.637696,596.010795
1.638673,595.995677
1.639649,595.980232
1.640626,595.964823
1.641602,595.949596
1.642579,595.934624
1.643556,595.919798
1.644532,595.905154
1.645509,595.890729
1.646485,595.876486
1.647462,595.862388
1.648438,595.848546
1.649415,595.834885
1.650391,595.821371
1.651368,595.808111
1.652345,595.794997
1.653321,595.782138
1.654298,595.769352
1.655274,595.756821
1.656251,595.744545
1.657227,595.732341
1.658204,595.720393
1.659181,595.708663
1.660157,595.697043
1.661134,595.685641
1.662110,595.674421
1.663087,595.663457
1.664063,595.652565
1.665040,595.641928
1.666016,595.631510
1.666993,595.621237
1.667970,595.611147
1.668946,595.601311
1.669923,595.591585
1.670899,595.582077
1.671876,595.572752
1.672852,595.563608
1.673829,595.554684
1.674806,595.545905
1.675782,595.537344
1.676759,595.528966
1.677735,595.520806
1.678712,595.512792
1.679688,595.504960
1.680665,595.497347
1.681641,595.489915
1.682618,595.482703
1.683595,595.475599
1.684571,595.468714
1.685548,595.462084
1.686524,595.455564
1.687501,595.449262
1.688477,595.443215
1.689454,595.437241
1.690431,595.431522
1.691407,595.425985
1.692384,595.420666
1.693360,595.415530
1.694337,595.410539
1.695313,595.405804
1.696290,595.401141
1.697266,595.396806
1.698243,595.392581
1.699220,595.388574
1.700196,595.384712
1.701173,595.381106
1.702149,595.377682
1.703126,595.374440
1.704102,595.371380
1.705079,595.368538
1.706056,595.365843
1.707032,595.363402
1.708009,595.361107
1.708985,595.359031
1.709962,595.357100
1.710938,595.355424
1.711915,595.353894
1.712892,595.352583
1.713868,595.351490
1.714845,595.350507
1.715821,595.349778
1.716798,595.349268
1.717774,595.348904
1.718751,595.348722
1.719727,595.348795
1.720704,595.349013
1.721681,595.349414
1.722657,595.350069
1.723634,595.350871
1.724610,595.351891
1.725587,595.353093
1.726563,595.354514
1.727540,595.356044
1.728517,595.357901
1.729493,595.359832
1.730470,595.362018
1.731446,595.364422
1.732423,595.367008
1.733399,595.369740
1.734376,595.372655
1.735352,595.375860
1.736329,595.379175
1.737306,595.382709
1.738282,595.386461
1.739259,595.390395
1.740235,595.394511
1.741212,595.398700
1.742188,595.402817
1.743165,595.406933
1.744142,595.410940
1.745118,595.414947
1.746095,595.418881
1.747071,595.422779
1.748048,595.426604
1.749024,595.430393
1.750001,595.434108
1.750977,595.437824
1.751954,595.441430
1.752931,595.445036
1.753907,595.448534
1.754884,595.452030
1.755860,595.455455
1.756837,595.458842
1.757813,595.462157
1.758790,595.465399
1.759767,595.468605
1.760743,595.471774
1.761720,595.474834
1.762696,595.477931
1.763673,595.480918
1.764649,595.483905
1.765626,595.486819
1.766602,595.489624
1.767579,595.492429
1.768556,595.495161
1.769532,595.497857
1.770509,595.500479
1.771485,595.503066
1.772462,595.505652
1.773438,595.508093
1.774415,595.510497
1.775392,595.512901
1.776368,595.515196
1.777345,595.517491
1.778321,595.519713
1.779298,595.521899
1.780274,595.524012
1.781251,595.526051
1.782227,595.528055
1.783204,595.530022
1.784181,595.531916
1.785157,595.533738
1.786134,595.535559
1.787110,595.537271
1.788087,595.538983
1.789063,595.540659
1.790040,595.542189
1.791017,595.543755
1.791993,595.545249
1.792970,595.546670
1.793946,595.548054
1.794923,595.549402
1.795899,595.550677
1.796876,595.551879
1.797852,595.553081
1.798829,595.554210
1.799806,595.555230
1.800782,595.556287
1.801759,595.557234
1.802735,595.558181
1.803712,595.559019
1.804688,595.559820
1.805665,595.560621
1.806642,595.561313
1.807618,595.562006
1.808595,595.562552
1.809571,595.563135
1.810548,595.563645
1.811524,595.564118
1.812501,595.564519
1.813477,595.564847
1.814454,595.565138
1.815431,595.565430
1.816407,595.565612
1.817384,595.565758
1.818360,595.565831
1.819337,595.565903
1.820313,595.565903
1.821290,595.565831
1.822267,595.565758
1.823243,595.565612
1.824220,595.565357
1.825196,595.565138
1.826173,595.564811
1.827149,595.564446
1.828126,595.564046
1.829102,595.563608
1.830079,595.563099
1.831056,595.562516
1.832032,595.561933
1.833009,595.561241
1.833985,595.560585
1.834962,595.559820
1.835938,595.558982
1.836915,595.558108
1.837892,595.557234
1.838868,595.556287
1.839845,595.555230
1.840821,595.554210
1.841798,595.553081
1.842774,595.552025
1.843751,595.550968
1.844728,595.549875
1.845704,595.548855
1.846681,595.547799
1.847657,595.546779
1.848634,595.545759
1.849610,595.544702
1.850587,595.543755
1.851563,595.542772
1.852540,595.541788
1.853517,595.540841
1.854493,595.539894
1.855470,595.538947
1.856446,595.538036
1.857423,595.537162
1.858399,595.536251
1.859376,595.535377
1.860353,595.534539
1.861329,595.533738
1.862306,595.532863
1.863282,595.532062
1.864259,595.531334
1.865235,595.530532
1.866212,595.529767
1.867188,595.529039
1.868165,595.528310
1.869142,595.527618
1.870118,595.526926
1.871095,595.526234
1.872071,595.525614
1.873048,595.524922
1.874024,595.524303
1.875001,595.523720
1.875978,595.523101
1.876954,595.522518
1.877931,595.522008
1.878907,595.521425
1.879884,595.520915
1.880860,595.520405
1.881837,595.519895
1.882813,595.519422
1.883790,595.518985
1.884767,595.518511
1.885743,595.518037
1.886720,595.517637
1.887696,595.517236
1.888673,595.516835
1.889649,595.516507
1.890626,595.516107
1.891603,595.515779
1.892579,595.515487
1.893556,595.515123
1.894532,595.514832
1.895509,595.514577
1.896485,595.514285
1.897462,595.514030
1.898438,595.513775
1.899415,595.513520
1.900392,595.513302
1.901368,595.513120
1.902345,595.512901
1.903321,595.512719
1.904298,595.512573
1.905274,595.512428
1.906251,595.512282
1.907228,595.512173
1.908204,595.512027
1.909181,595.511918
1.910157,595.511808
1.911134,595.511699
1.912110,595.511626
1.913087,595.511590
1.914063,595.511517
1.915040,595.511480
1.916017,595.511408
1.916993,595.511408
1.917970,595.511371
1.918946,595.511371
1.919923,595.511371
1.920899,595.511371
1.921876,595.511408
1.922853,595.511408
1.923829,595.511480
1.924806,595.511517
1.925782,595.511590
1.926759,595.511626
1.927735,595.511699
1.928712,595.511772
1.929688,595.511881
1.930665,595.511991
1.931642,595.512100
1.932618,595.512173
1.933595,595.512318
1.934571,595.512428
1.935548,595.512573
1.936524,595.512719
1.937501,595.512828
1.938478,595.513010
1.939454,595.513193
1.940431,595.513375
1.941407,595.513593
1.942384,595.513775
1.943360,595.513921
1.944337,595.514176
1.945313,595.514322
1.946290,595.514504
1.947267,595.514686
1.948243,595.514832
1.949220,595.515014
1.950196,595.515196
1.951173,595.515305
1.952149,595.515487
1.953126,595.515597
1.954103,595.515706
1.955079,595.515815
1.956056,595.515925
1.957032,595.516034
1.958009,595.516180
1.958985,595.516289
1.959962,595.516325
1.960939,595.516435
1.961915,595.516507
1.962892,595.516580
1.963868,595.516617
1.964845,595.516690
1.965821,595.516726
1.966798,595.516799
1.967774,595.516799
1.968751,595.516835
1.969728,595.516908
1.970704,595.516908
1.971681,595.516981
1.972657,595.516981
1.973634,595.516981
1.974610,595.517017
1.975587,595.517017
1.976564,595.517017
1.977540,595.517090
1.978517,595.517090
1.979493,595.517127
1.980470,595.517127
1.981446,595.517127
1.982423,595.517200
1.983399,595.517236
1.984376,595.517236
1.985353,595.517309
1.986329,595.517382
1.987306,595.517418
1.988282,595.517491
1.989259,595.517600
1.990235,595.517637
1.991212,595.517782
1.992189,595.517892
1.993165,595.518001
1.994142,595.518110
1.995118,595.518220
1.996095,595.518402
1.997071,595.518584
1.998048,595.518730
1.999024,595.518912
2.000001,595.519130
2.000978,595.519385
2.001954,595.519604
2.002931,595.519822
2.003907,595.520114
2.004884,595.520405
2.005860,595.520697
2.006837,595.521024
2.007814,595.521389
2.008790,595.521717
2.009767,595.522117
2.010743,595.522518
2.011720,595.522919
2.012696,595.523356
2.013673,595.523830
2.014649,595.524303
2.015626,595.524813
2.016603,595.525323
2.017579,595.525833
2.018556,595.526416
2.019532,595.526962
2.020509,595.527545
2.021485,595.528164
2.022462,595.528820
2.023439,595.529439
2.024415,595.530131
2.025392,595.530824
2.026368,595.531516
2.027345,595.532244
2.028321,595.532936
2.029298,595.533738
2.030274,595.534466
2.031251,595.535231
2.032228,595.536033
2.033204,595.536834
2.034181,595.537672
2.035157,595.538473
2.036134,595.539275
2.037110,595.540149
2.038087,595.540987
2.039064,595.541861
2.040040,595.542699
2.041017,595.543573
2.041993,595.544448
2.042970,595.545285
2.043946,595.546087
2.044923,595.546888
2.045899,595.547653
2.046876,595.548382
2.047853,595.549074
2.048829,595.549693
2.049806,595.550312
2.050782,595.550895
2.051759,595.551478
2.052735,595.552025
2.053712,595.552498
2.054689,595.552972
2.055665,595.553409
2.056642,595.553809
2.057618,595.554174
2.058595,595.554502
2.059571,595.554793
2.060548,595.555084
2.061524,595.555303
2.062501,595.555485
2.063478,595.555631
2.064454,595.555776
2.065431,595.555813
2.066407,595.555886
2.067384,595.555886
2.068360,595.555886
2.069337,595.555813
2.070314,595.555704
2.071290,595.555522
2.072267,595.555376
2.073243,595.555121
2.074220,595.554829
2.075196,595.554574
2.076173,595.554210
2.077150,595.553809
2.078126,595.553372
2.079103,595.552826
